Node Number	X Location (m)	Y Location (m)	Z Location (m)	
9	40.	2.	0.	
10	40.	5.	0.	
12	40.	-2.	0.	
14	40.	-5.	0.	
4480	40.	-2.3	0.	
4481	40.	-2.6	0.	
4482	40.	-2.9	0.	
4483	40.	-3.2	0.	
4484	40.	-3.5	0.	
4485	40.	-3.8	0.	
4486	40.	-4.1	0.	
4487	40.	-4.4	0.	
4488	40.	-4.7	0.	
8178	40.	1.8667	0.	
8179	40.	1.7333	0.	
8180	40.	1.6	0.	
8181	40.	1.4667	0.	
8182	40.	1.3333	0.	
8183	40.	1.2	0.	
8184	40.	1.0667	0.	
8185	40.	0.93333	0.	
8186	40.	0.8	0.	
8187	40.	0.66667	0.	
8188	40.	0.53333	0.	
8189	40.	0.4	0.	
8190	40.	0.26667	0.	
8191	40.	0.13333	0.	
8192	40.	2.2204e-016	0.	
8193	40.	-0.13333	0.	
8194	40.	-0.26667	0.	
8195	40.	-0.4	0.	
8196	40.	-0.53333	0.	
8197	40.	-0.66667	0.	
8198	40.	-0.8	0.	
8199	40.	-0.93333	0.	
8200	40.	-1.0667	0.	
8201	40.	-1.2	0.	
8202	40.	-1.3333	0.	
8203	40.	-1.4667	0.	
8204	40.	-1.6	0.	
8205	40.	-1.7333	0.	
8206	40.	-1.8667	0.	
9516	40.	4.7	0.	
9517	40.	4.4	0.	
9518	40.	4.1	0.	
9519	40.	3.8	0.	
9520	40.	3.5	0.	
9521	40.	3.2	0.	
9522	40.	2.9	0.	
9523	40.	2.6	0.	
9524	40.	2.3	0.	
