Node Number	X Location (m)	Y Location (m)	Z Location (m)	
13	2.	-5.	0.	
15	-2.	-5.	0.	
278	1.8667	-5.	0.	
279	1.7333	-5.	0.	
280	1.6	-5.	0.	
281	1.4667	-5.	0.	
282	1.3333	-5.	0.	
283	1.2	-5.	0.	
284	1.0667	-5.	0.	
285	0.93333	-5.	0.	
286	0.8	-5.	0.	
287	0.66667	-5.	0.	
288	0.53333	-5.	0.	
289	0.4	-5.	0.	
290	0.26667	-5.	0.	
291	0.13333	-5.	0.	
292	2.2204e-016	-5.	0.	
293	-0.13333	-5.	0.	
294	-0.26667	-5.	0.	
295	-0.4	-5.	0.	
296	-0.53333	-5.	0.	
297	-0.66667	-5.	0.	
298	-0.8	-5.	0.	
299	-0.93333	-5.	0.	
300	-1.0667	-5.	0.	
301	-1.2	-5.	0.	
302	-1.3333	-5.	0.	
303	-1.4667	-5.	0.	
304	-1.6	-5.	0.	
305	-1.7333	-5.	0.	
306	-1.8667	-5.	0.	
3342	-2.2667	-5.	0.	
3343	-2.5333	-5.	0.	
3344	-2.8	-5.	0.	
3345	-3.0667	-5.	0.	
3346	-3.3333	-5.	0.	
3347	-3.6	-5.	0.	
3348	-3.8667	-5.	0.	
3349	-4.1333	-5.	0.	
3350	-4.4	-5.	0.	
3351	-4.6667	-5.	0.	
3352	-4.9333	-5.	0.	
3353	-5.2	-5.	0.	
3354	-5.4667	-5.	0.	
3355	-5.7333	-5.	0.	
3356	-6.	-5.	0.	
3357	-6.2667	-5.	0.	
3358	-6.5333	-5.	0.	
3359	-6.8	-5.	0.	
3360	-7.0667	-5.	0.	
3361	-7.3333	-5.	0.	
3362	-7.6	-5.	0.	
3363	-7.8667	-5.	0.	
3364	-8.1333	-5.	0.	
3365	-8.4	-5.	0.	
3366	-8.6667	-5.	0.	
3367	-8.9333	-5.	0.	
3368	-9.2	-5.	0.	
3369	-9.4667	-5.	0.	
3370	-9.7333	-5.	0.	
4489	39.683	-5.	0.	
4490	39.367	-5.	0.	
4491	39.05	-5.	0.	
4492	38.733	-5.	0.	
4493	38.417	-5.	0.	
4494	38.1	-5.	0.	
4495	37.783	-5.	0.	
4496	37.467	-5.	0.	
4497	37.15	-5.	0.	
4498	36.833	-5.	0.	
4499	36.517	-5.	0.	
4500	36.2	-5.	0.	
4501	35.883	-5.	0.	
4502	35.567	-5.	0.	
4503	35.25	-5.	0.	
4504	34.933	-5.	0.	
4505	34.617	-5.	0.	
4506	34.3	-5.	0.	
4507	33.983	-5.	0.	
4508	33.667	-5.	0.	
4509	33.35	-5.	0.	
4510	33.033	-5.	0.	
4511	32.717	-5.	0.	
4512	32.4	-5.	0.	
4513	32.083	-5.	0.	
4514	31.767	-5.	0.	
4515	31.45	-5.	0.	
4516	31.133	-5.	0.	
4517	30.817	-5.	0.	
4518	30.5	-5.	0.	
4519	30.183	-5.	0.	
4520	29.867	-5.	0.	
4521	29.55	-5.	0.	
4522	29.233	-5.	0.	
4523	28.917	-5.	0.	
4524	28.6	-5.	0.	
4525	28.283	-5.	0.	
4526	27.967	-5.	0.	
4527	27.65	-5.	0.	
4528	27.333	-5.	0.	
4529	27.017	-5.	0.	
4530	26.7	-5.	0.	
4531	26.383	-5.	0.	
4532	26.067	-5.	0.	
4533	25.75	-5.	0.	
4534	25.433	-5.	0.	
4535	25.117	-5.	0.	
4536	24.8	-5.	0.	
4537	24.483	-5.	0.	
4538	24.167	-5.	0.	
4539	23.85	-5.	0.	
4540	23.533	-5.	0.	
4541	23.217	-5.	0.	
4542	22.9	-5.	0.	
4543	22.583	-5.	0.	
4544	22.267	-5.	0.	
4545	21.95	-5.	0.	
4546	21.633	-5.	0.	
4547	21.317	-5.	0.	
4548	21.	-5.	0.	
4549	20.683	-5.	0.	
4550	20.367	-5.	0.	
4551	20.05	-5.	0.	
4552	19.733	-5.	0.	
4553	19.417	-5.	0.	
4554	19.1	-5.	0.	
4555	18.783	-5.	0.	
4556	18.467	-5.	0.	
4557	18.15	-5.	0.	
4558	17.833	-5.	0.	
4559	17.517	-5.	0.	
4560	17.2	-5.	0.	
4561	16.883	-5.	0.	
4562	16.567	-5.	0.	
4563	16.25	-5.	0.	
4564	15.933	-5.	0.	
4565	15.617	-5.	0.	
4566	15.3	-5.	0.	
4567	14.983	-5.	0.	
4568	14.667	-5.	0.	
4569	14.35	-5.	0.	
4570	14.033	-5.	0.	
4571	13.717	-5.	0.	
4572	13.4	-5.	0.	
4573	13.083	-5.	0.	
4574	12.767	-5.	0.	
4575	12.45	-5.	0.	
4576	12.133	-5.	0.	
4577	11.817	-5.	0.	
4578	11.5	-5.	0.	
4579	11.183	-5.	0.	
4580	10.867	-5.	0.	
4581	10.55	-5.	0.	
4582	10.233	-5.	0.	
4583	9.9167	-5.	0.	
4584	9.6	-5.	0.	
4585	9.2833	-5.	0.	
4586	8.9667	-5.	0.	
4587	8.65	-5.	0.	
4588	8.3333	-5.	0.	
4589	8.0167	-5.	0.	
4590	7.7	-5.	0.	
4591	7.3833	-5.	0.	
4592	7.0667	-5.	0.	
4593	6.75	-5.	0.	
4594	6.4333	-5.	0.	
4595	6.1167	-5.	0.	
4596	5.8	-5.	0.	
4597	5.4833	-5.	0.	
4598	5.1667	-5.	0.	
4599	4.85	-5.	0.	
4600	4.5333	-5.	0.	
4601	4.2167	-5.	0.	
4602	3.9	-5.	0.	
4603	3.5833	-5.	0.	
4604	3.2667	-5.	0.	
4605	2.95	-5.	0.	
4606	2.6333	-5.	0.	
4607	2.3167	-5.	0.	
