Node Number	X Location (m)	Y Location (m)	Z Location (m)	
1	-10.	2.	0.	
2	-10.	5.	0.	
7	-10.	-2.	0.	
16	-10.	-5.	0.	
3371	-10.	-4.7	0.	
3372	-10.	-4.4	0.	
3373	-10.	-4.1	0.	
3374	-10.	-3.8	0.	
3375	-10.	-3.5	0.	
3376	-10.	-3.2	0.	
3377	-10.	-2.9	0.	
3378	-10.	-2.6	0.	
3379	-10.	-2.3	0.	
10375	-10.	-1.8667	0.	
10376	-10.	-1.7333	0.	
10377	-10.	-1.6	0.	
10378	-10.	-1.4667	0.	
10379	-10.	-1.3333	0.	
10380	-10.	-1.2	0.	
10381	-10.	-1.0667	0.	
10382	-10.	-0.93333	0.	
10383	-10.	-0.8	0.	
10384	-10.	-0.66667	0.	
10385	-10.	-0.53333	0.	
10386	-10.	-0.4	0.	
10387	-10.	-0.26667	0.	
10388	-10.	-0.13333	0.	
10389	-10.	-2.2204e-016	0.	
10390	-10.	0.13333	0.	
10391	-10.	0.26667	0.	
10392	-10.	0.4	0.	
10393	-10.	0.53333	0.	
10394	-10.	0.66667	0.	
10395	-10.	0.8	0.	
10396	-10.	0.93333	0.	
10397	-10.	1.0667	0.	
10398	-10.	1.2	0.	
10399	-10.	1.3333	0.	
10400	-10.	1.4667	0.	
10401	-10.	1.6	0.	
10402	-10.	1.7333	0.	
10403	-10.	1.8667	0.	
11022	-10.	2.3	0.	
11023	-10.	2.6	0.	
11024	-10.	2.9	0.	
11025	-10.	3.2	0.	
11026	-10.	3.5	0.	
11027	-10.	3.8	0.	
11028	-10.	4.1	0.	
11029	-10.	4.4	0.	
11030	-10.	4.7	0.	
