Node Number	X Location (m)	Y Location (m)	Z Location (m)	
4	-2.	5.	0.	
5	2.	5.	0.	
9397	2.3167	5.	0.	
9398	2.6333	5.	0.	
9399	2.95	5.	0.	
9400	3.2667	5.	0.	
9401	3.5833	5.	0.	
9402	3.9	5.	0.	
9403	4.2167	5.	0.	
9404	4.5333	5.	0.	
9405	4.85	5.	0.	
9406	5.1667	5.	0.	
9407	5.4833	5.	0.	
9408	5.8	5.	0.	
9409	6.1167	5.	0.	
9410	6.4333	5.	0.	
9411	6.75	5.	0.	
9412	7.0667	5.	0.	
9413	7.3833	5.	0.	
9414	7.7	5.	0.	
9415	8.0167	5.	0.	
9416	8.3333	5.	0.	
9417	8.65	5.	0.	
9418	8.9667	5.	0.	
9419	9.2833	5.	0.	
9420	9.6	5.	0.	
9421	9.9167	5.	0.	
9422	10.233	5.	0.	
9423	10.55	5.	0.	
9424	10.867	5.	0.	
9425	11.183	5.	0.	
9426	11.5	5.	0.	
9427	11.817	5.	0.	
9428	12.133	5.	0.	
9429	12.45	5.	0.	
9430	12.767	5.	0.	
9431	13.083	5.	0.	
9432	13.4	5.	0.	
9433	13.717	5.	0.	
9434	14.033	5.	0.	
9435	14.35	5.	0.	
9436	14.667	5.	0.	
9437	14.983	5.	0.	
9438	15.3	5.	0.	
9439	15.617	5.	0.	
9440	15.933	5.	0.	
9441	16.25	5.	0.	
9442	16.567	5.	0.	
9443	16.883	5.	0.	
9444	17.2	5.	0.	
9445	17.517	5.	0.	
9446	17.833	5.	0.	
9447	18.15	5.	0.	
9448	18.467	5.	0.	
9449	18.783	5.	0.	
9450	19.1	5.	0.	
9451	19.417	5.	0.	
9452	19.733	5.	0.	
9453	20.05	5.	0.	
9454	20.367	5.	0.	
9455	20.683	5.	0.	
9456	21.	5.	0.	
9457	21.317	5.	0.	
9458	21.633	5.	0.	
9459	21.95	5.	0.	
9460	22.267	5.	0.	
9461	22.583	5.	0.	
9462	22.9	5.	0.	
9463	23.217	5.	0.	
9464	23.533	5.	0.	
9465	23.85	5.	0.	
9466	24.167	5.	0.	
9467	24.483	5.	0.	
9468	24.8	5.	0.	
9469	25.117	5.	0.	
9470	25.433	5.	0.	
9471	25.75	5.	0.	
9472	26.067	5.	0.	
9473	26.383	5.	0.	
9474	26.7	5.	0.	
9475	27.017	5.	0.	
9476	27.333	5.	0.	
9477	27.65	5.	0.	
9478	27.967	5.	0.	
9479	28.283	5.	0.	
9480	28.6	5.	0.	
9481	28.917	5.	0.	
9482	29.233	5.	0.	
9483	29.55	5.	0.	
9484	29.867	5.	0.	
9485	30.183	5.	0.	
9486	30.5	5.	0.	
9487	30.817	5.	0.	
9488	31.133	5.	0.	
9489	31.45	5.	0.	
9490	31.767	5.	0.	
9491	32.083	5.	0.	
9492	32.4	5.	0.	
9493	32.717	5.	0.	
9494	33.033	5.	0.	
9495	33.35	5.	0.	
9496	33.667	5.	0.	
9497	33.983	5.	0.	
9498	34.3	5.	0.	
9499	34.617	5.	0.	
9500	34.933	5.	0.	
9501	35.25	5.	0.	
9502	35.567	5.	0.	
9503	35.883	5.	0.	
9504	36.2	5.	0.	
9505	36.517	5.	0.	
9506	36.833	5.	0.	
9507	37.15	5.	0.	
9508	37.467	5.	0.	
9509	37.783	5.	0.	
9510	38.1	5.	0.	
9511	38.417	5.	0.	
9512	38.733	5.	0.	
9513	39.05	5.	0.	
9514	39.367	5.	0.	
9515	39.683	5.	0.	
10694	-1.8667	5.	0.	
10695	-1.7333	5.	0.	
10696	-1.6	5.	0.	
10697	-1.4667	5.	0.	
10698	-1.3333	5.	0.	
10699	-1.2	5.	0.	
10700	-1.0667	5.	0.	
10701	-0.93333	5.	0.	
10702	-0.8	5.	0.	
10703	-0.66667	5.	0.	
10704	-0.53333	5.	0.	
10705	-0.4	5.	0.	
10706	-0.26667	5.	0.	
10707	-0.13333	5.	0.	
10708	-8.8818e-016	5.	0.	
10709	0.13333	5.	0.	
10710	0.26667	5.	0.	
10711	0.4	5.	0.	
10712	0.53333	5.	0.	
10713	0.66667	5.	0.	
10714	0.8	5.	0.	
10715	0.93333	5.	0.	
10716	1.0667	5.	0.	
10717	1.2	5.	0.	
10718	1.3333	5.	0.	
10719	1.4667	5.	0.	
10720	1.6	5.	0.	
10721	1.7333	5.	0.	
10722	1.8667	5.	0.	
10993	-9.7333	5.	0.	
10994	-9.4667	5.	0.	
10995	-9.2	5.	0.	
10996	-8.9333	5.	0.	
10997	-8.6667	5.	0.	
10998	-8.4	5.	0.	
10999	-8.1333	5.	0.	
11000	-7.8667	5.	0.	
11001	-7.6	5.	0.	
11002	-7.3333	5.	0.	
11003	-7.0667	5.	0.	
11004	-6.8	5.	0.	
11005	-6.5333	5.	0.	
11006	-6.2667	5.	0.	
11007	-6.	5.	0.	
11008	-5.7333	5.	0.	
11009	-5.4667	5.	0.	
11010	-5.2	5.	0.	
11011	-4.9333	5.	0.	
11012	-4.6667	5.	0.	
11013	-4.4	5.	0.	
11014	-4.1333	5.	0.	
11015	-3.8667	5.	0.	
11016	-3.6	5.	0.	
11017	-3.3333	5.	0.	
11018	-3.0667	5.	0.	
11019	-2.8	5.	0.	
11020	-2.5333	5.	0.	
11021	-2.2667	5.	0.	
