Node Number	X Location (m)	Y Location (m)	Z Location (m)	
7	-2.	-8.	0.	
8	2.	-8.	0.	
12735	39.683	-8.	0.	
12736	39.367	-8.	0.	
12737	39.05	-8.	0.	
12738	38.733	-8.	0.	
12739	38.417	-8.	0.	
12740	38.1	-8.	0.	
12741	37.783	-8.	0.	
12742	37.467	-8.	0.	
12743	37.15	-8.	0.	
12744	36.833	-8.	0.	
12745	36.517	-8.	0.	
12746	36.2	-8.	0.	
12747	35.883	-8.	0.	
12748	35.567	-8.	0.	
12749	35.25	-8.	0.	
12750	34.933	-8.	0.	
12751	34.617	-8.	0.	
12752	34.3	-8.	0.	
12753	33.983	-8.	0.	
12754	33.667	-8.	0.	
12755	33.35	-8.	0.	
12756	33.033	-8.	0.	
12757	32.717	-8.	0.	
12758	32.4	-8.	0.	
12759	32.083	-8.	0.	
12760	31.767	-8.	0.	
12761	31.45	-8.	0.	
12762	31.133	-8.	0.	
12763	30.817	-8.	0.	
12764	30.5	-8.	0.	
12765	30.183	-8.	0.	
12766	29.867	-8.	0.	
12767	29.55	-8.	0.	
12768	29.233	-8.	0.	
12769	28.917	-8.	0.	
12770	28.6	-8.	0.	
12771	28.283	-8.	0.	
12772	27.967	-8.	0.	
12773	27.65	-8.	0.	
12774	27.333	-8.	0.	
12775	27.017	-8.	0.	
12776	26.7	-8.	0.	
12777	26.383	-8.	0.	
12778	26.067	-8.	0.	
12779	25.75	-8.	0.	
12780	25.433	-8.	0.	
12781	25.117	-8.	0.	
12782	24.8	-8.	0.	
12783	24.483	-8.	0.	
12784	24.167	-8.	0.	
12785	23.85	-8.	0.	
12786	23.533	-8.	0.	
12787	23.217	-8.	0.	
12788	22.9	-8.	0.	
12789	22.583	-8.	0.	
12790	22.267	-8.	0.	
12791	21.95	-8.	0.	
12792	21.633	-8.	0.	
12793	21.317	-8.	0.	
12794	21.	-8.	0.	
12795	20.683	-8.	0.	
12796	20.367	-8.	0.	
12797	20.05	-8.	0.	
12798	19.733	-8.	0.	
12799	19.417	-8.	0.	
12800	19.1	-8.	0.	
12801	18.783	-8.	0.	
12802	18.467	-8.	0.	
12803	18.15	-8.	0.	
12804	17.833	-8.	0.	
12805	17.517	-8.	0.	
12806	17.2	-8.	0.	
12807	16.883	-8.	0.	
12808	16.567	-8.	0.	
12809	16.25	-8.	0.	
12810	15.933	-8.	0.	
12811	15.617	-8.	0.	
12812	15.3	-8.	0.	
12813	14.983	-8.	0.	
12814	14.667	-8.	0.	
12815	14.35	-8.	0.	
12816	14.033	-8.	0.	
12817	13.717	-8.	0.	
12818	13.4	-8.	0.	
12819	13.083	-8.	0.	
12820	12.767	-8.	0.	
12821	12.45	-8.	0.	
12822	12.133	-8.	0.	
12823	11.817	-8.	0.	
12824	11.5	-8.	0.	
12825	11.183	-8.	0.	
12826	10.867	-8.	0.	
12827	10.55	-8.	0.	
12828	10.233	-8.	0.	
12829	9.9167	-8.	0.	
12830	9.6	-8.	0.	
12831	9.2833	-8.	0.	
12832	8.9667	-8.	0.	
12833	8.65	-8.	0.	
12834	8.3333	-8.	0.	
12835	8.0167	-8.	0.	
12836	7.7	-8.	0.	
12837	7.3833	-8.	0.	
12838	7.0667	-8.	0.	
12839	6.75	-8.	0.	
12840	6.4333	-8.	0.	
12841	6.1167	-8.	0.	
12842	5.8	-8.	0.	
12843	5.4833	-8.	0.	
12844	5.1667	-8.	0.	
12845	4.85	-8.	0.	
12846	4.5333	-8.	0.	
12847	4.2167	-8.	0.	
12848	3.9	-8.	0.	
12849	3.5833	-8.	0.	
12850	3.2667	-8.	0.	
12851	2.95	-8.	0.	
12852	2.6333	-8.	0.	
12853	2.3167	-8.	0.	
13424	-2.2667	-8.	0.	
13425	-2.5333	-8.	0.	
13426	-2.8	-8.	0.	
13427	-3.0667	-8.	0.	
13428	-3.3333	-8.	0.	
13429	-3.6	-8.	0.	
13430	-3.8667	-8.	0.	
13431	-4.1333	-8.	0.	
13432	-4.4	-8.	0.	
13433	-4.6667	-8.	0.	
13434	-4.9333	-8.	0.	
13435	-5.2	-8.	0.	
13436	-5.4667	-8.	0.	
13437	-5.7333	-8.	0.	
13438	-6.	-8.	0.	
13439	-6.2667	-8.	0.	
13440	-6.5333	-8.	0.	
13441	-6.8	-8.	0.	
13442	-7.0667	-8.	0.	
13443	-7.3333	-8.	0.	
13444	-7.6	-8.	0.	
13445	-7.8667	-8.	0.	
13446	-8.1333	-8.	0.	
13447	-8.4	-8.	0.	
13448	-8.6667	-8.	0.	
13449	-8.9333	-8.	0.	
13450	-9.2	-8.	0.	
13451	-9.4667	-8.	0.	
13452	-9.7333	-8.	0.	
14042	1.8667	-8.	0.	
14043	1.7333	-8.	0.	
14044	1.6	-8.	0.	
14045	1.4667	-8.	0.	
14046	1.3333	-8.	0.	
14047	1.2	-8.	0.	
14048	1.0667	-8.	0.	
14049	0.93333	-8.	0.	
14050	0.8	-8.	0.	
14051	0.66667	-8.	0.	
14052	0.53333	-8.	0.	
14053	0.4	-8.	0.	
14054	0.26667	-8.	0.	
14055	0.13333	-8.	0.	
14056	6.6613e-016	-8.	0.	
14057	-0.13333	-8.	0.	
14058	-0.26667	-8.	0.	
14059	-0.4	-8.	0.	
14060	-0.53333	-8.	0.	
14061	-0.66667	-8.	0.	
14062	-0.8	-8.	0.	
14063	-0.93333	-8.	0.	
14064	-1.0667	-8.	0.	
14065	-1.2	-8.	0.	
14066	-1.3333	-8.	0.	
14067	-1.4667	-8.	0.	
14068	-1.6	-8.	0.	
14069	-1.7333	-8.	0.	
14070	-1.8667	-8.	0.	
