Node Number	X Location (m)	Y Location (m)	Z Location (m)	
2537	0.49861	3.7322e-002	0.	
2538	0.49577	6.4899e-002	0.	
2539	0.49145	9.2079e-002	0.	
2540	0.48563	0.11901	0.	
2541	0.47834	0.14557	0.	
2542	0.4696	0.17169	0.	
2543	0.45943	0.1973	0.	
2544	0.44787	0.2223	0.	
2545	0.43494	0.24663	0.	
2546	0.42135	0.26918	0.	
2547	0.4066	0.291	0.	
2548	0.39071	0.312	0.	
2549	0.37375	0.33213	0.	
2550	0.35629	0.35079	0.	
2551	0.33872	0.36779	0.	
2552	0.31964	0.38449	0.	
2553	0.29977	0.40017	0.	
2554	0.27849	0.41527	0.	
2555	0.25573	0.42965	0.	
2556	0.23222	0.4428	0.	
2557	0.20802	0.45467	0.	
2558	0.18323	0.46522	0.	
2559	0.1579	0.47441	0.	
2560	0.13211	0.48223	0.	
2561	0.10594	0.48865	0.	
2562	7.9473e-002	0.49364	0.	
2563	5.1973e-002	0.49729	0.	
2564	2.4288e-002	0.49941	0.	
2565	-3.5093e-003	0.49999	0.	
2566	-3.0463e-002	0.49907	0.	
2567	-5.8185e-002	0.4966	0.	
2568	-8.5728e-002	0.4926	0.	
2569	-0.11296	0.48707	0.	
2570	-0.13901	0.48029	0.	
2571	-0.16396	0.47235	0.	
2572	-0.18849	0.46311	0.	
2573	-0.21251	0.45259	0.	
2574	-0.23593	0.44084	0.	
2575	-0.25871	0.42786	0.	
2576	-0.28078	0.41372	0.	
2577	-0.30208	0.39844	0.	
2578	-0.32193	0.38257	0.	
2579	-0.34041	0.36623	0.	
2580	-0.35807	0.34898	0.	
2581	-0.37484	0.3309	0.	
2582	-0.39111	0.31151	0.	
2583	-0.40681	0.2907	0.	
2584	-0.42186	0.2684	0.	
2585	-0.4357	0.24528	0.	
2586	-0.44828	0.22145	0.	
2587	-0.45956	0.19698	0.	
2588	-0.46951	0.17194	0.	
2589	-0.47809	0.1464	0.	
2590	-0.48528	0.12043	0.	
2591	-0.49106	9.4112e-002	0.	
2592	-0.49542	6.7521e-002	0.	
2593	-0.49834	4.0735e-002	0.	
2594	-0.49981	1.3842e-002	0.	
2595	-0.49981	-1.3911e-002	0.	
2596	-0.49826	-4.1646e-002	0.	
2597	-0.49522	-6.899e-002	0.	
2598	-0.49051	-9.6937e-002	0.	
2599	-0.48444	-0.12376	0.	
2600	-0.4769	-0.15021	0.	
2601	-0.46792	-0.1762	0.	
2602	-0.45754	-0.20163	0.	
2603	-0.44579	-0.22643	0.	
2604	-0.43348	-0.24919	0.	
2605	-0.41999	-0.2713	0.	
2606	-0.40538	-0.29269	0.	
2607	-0.38968	-0.31329	0.	
2608	-0.37294	-0.33305	0.	
2609	-0.35519	-0.35191	0.	
2610	-0.33649	-0.36983	0.	
2611	-0.31749	-0.38626	0.	
2612	-0.29746	-0.40189	0.	
2613	-0.276	-0.41692	0.	
2614	-0.25376	-0.43082	0.	
2615	-0.23083	-0.44353	0.	
2616	-0.20725	-0.45502	0.	
2617	-0.18311	-0.46526	0.	
2618	-0.15847	-0.47422	0.	
2619	-0.13338	-0.48188	0.	
2620	-0.10794	-0.48821	0.	
2621	-8.2191e-002	-0.4932	0.	
2622	-5.6219e-002	-0.49683	0.	
2623	-3.0093e-002	-0.49909	0.	
2624	-3.8838e-003	-0.49998	0.	
2625	2.2338e-002	-0.4995	0.	
2626	4.9233e-002	-0.49757	0.	
2627	7.6988e-002	-0.49404	0.	
2628	0.10456	-0.48894	0.	
2629	0.13181	-0.48231	0.	
2630	0.15864	-0.47417	0.	
2631	0.1842	-0.46483	0.	
2632	0.20922	-0.45412	0.	
2633	0.23361	-0.44207	0.	
2634	0.25732	-0.4287	0.	
2635	0.28026	-0.41407	0.	
2636	0.30237	-0.39821	0.	
2637	0.32298	-0.38169	0.	
2638	0.34269	-0.36409	0.	
2639	0.36069	-0.34627	0.	
2640	0.37709	-0.32834	0.	
2641	0.39233	-0.30996	0.	
2642	0.40593	-0.29193	0.	
2643	0.41835	-0.27383	0.	
2644	0.42982	-0.25544	0.	
2645	0.44047	-0.23661	0.	
2646	0.4503	-0.21733	0.	
2647	0.45928	-0.19764	0.	
2648	0.46775	-0.17665	0.	
2649	0.47527	-0.1553	0.	
2650	0.48181	-0.13363	0.	
2651	0.48736	-0.1117	0.	
2652	0.49205	-8.8825e-002	0.	
2653	0.49571	-6.539e-002	0.	
2654	0.49831	-4.1112e-002	0.	
2655	0.4999	9.9222e-003	0.	
2656	0.49975	-1.5845e-002	0.	
