Node Number	X Location (m)	Y Location (m)	Z Location (m)	
11	40.	-2.	0.	
12	40.	-8.	0.	
15	40.	2.	0.	
16	40.	8.	0.	
6224	40.	1.8667	0.	
6225	40.	1.7333	0.	
6226	40.	1.6	0.	
6227	40.	1.4667	0.	
6228	40.	1.3333	0.	
6229	40.	1.2	0.	
6230	40.	1.0667	0.	
6231	40.	0.93333	0.	
6232	40.	0.8	0.	
6233	40.	0.66667	0.	
6234	40.	0.53333	0.	
6235	40.	0.4	0.	
6236	40.	0.26667	0.	
6237	40.	0.13333	0.	
6238	40.	2.2204e-016	0.	
6239	40.	-0.13333	0.	
6240	40.	-0.26667	0.	
6241	40.	-0.4	0.	
6242	40.	-0.53333	0.	
6243	40.	-0.66667	0.	
6244	40.	-0.8	0.	
6245	40.	-0.93333	0.	
6246	40.	-1.0667	0.	
6247	40.	-1.2	0.	
6248	40.	-1.3333	0.	
6249	40.	-1.4667	0.	
6250	40.	-1.6	0.	
6251	40.	-1.7333	0.	
6252	40.	-1.8667	0.	
9799	40.	7.7	0.	
9800	40.	7.4	0.	
9801	40.	7.1	0.	
9802	40.	6.8	0.	
9803	40.	6.5	0.	
9804	40.	6.2	0.	
9805	40.	5.9	0.	
9806	40.	5.6	0.	
9807	40.	5.3	0.	
9808	40.	5.	0.	
9809	40.	4.7	0.	
9810	40.	4.4	0.	
9811	40.	4.1	0.	
9812	40.	3.8	0.	
9813	40.	3.5	0.	
9814	40.	3.2	0.	
9815	40.	2.9	0.	
9816	40.	2.6	0.	
9817	40.	2.3	0.	
12716	40.	-2.3	0.	
12717	40.	-2.6	0.	
12718	40.	-2.9	0.	
12719	40.	-3.2	0.	
12720	40.	-3.5	0.	
12721	40.	-3.8	0.	
12722	40.	-4.1	0.	
12723	40.	-4.4	0.	
12724	40.	-4.7	0.	
12725	40.	-5.	0.	
12726	40.	-5.3	0.	
12727	40.	-5.6	0.	
12728	40.	-5.9	0.	
12729	40.	-6.2	0.	
12730	40.	-6.5	0.	
12731	40.	-6.8	0.	
12732	40.	-7.1	0.	
12733	40.	-7.4	0.	
12734	40.	-7.7	0.	
