Node Number	X Location (m)	Y Location (m)	Z Location (m)	
9	-10.	-2.	0.	
10	-10.	-8.	0.	
13	-10.	2.	0.	
14	-10.	8.	0.	
7332	-10.	-1.8667	0.	
7333	-10.	-1.7333	0.	
7334	-10.	-1.6	0.	
7335	-10.	-1.4667	0.	
7336	-10.	-1.3333	0.	
7337	-10.	-1.2	0.	
7338	-10.	-1.0667	0.	
7339	-10.	-0.93333	0.	
7340	-10.	-0.8	0.	
7341	-10.	-0.66667	0.	
7342	-10.	-0.53333	0.	
7343	-10.	-0.4	0.	
7344	-10.	-0.26667	0.	
7345	-10.	-0.13333	0.	
7346	-10.	-2.2204e-016	0.	
7347	-10.	0.13333	0.	
7348	-10.	0.26667	0.	
7349	-10.	0.4	0.	
7350	-10.	0.53333	0.	
7351	-10.	0.66667	0.	
7352	-10.	0.8	0.	
7353	-10.	0.93333	0.	
7354	-10.	1.0667	0.	
7355	-10.	1.2	0.	
7356	-10.	1.3333	0.	
7357	-10.	1.4667	0.	
7358	-10.	1.6	0.	
7359	-10.	1.7333	0.	
7360	-10.	1.8667	0.	
10417	-10.	2.3	0.	
10418	-10.	2.6	0.	
10419	-10.	2.9	0.	
10420	-10.	3.2	0.	
10421	-10.	3.5	0.	
10422	-10.	3.8	0.	
10423	-10.	4.1	0.	
10424	-10.	4.4	0.	
10425	-10.	4.7	0.	
10426	-10.	5.	0.	
10427	-10.	5.3	0.	
10428	-10.	5.6	0.	
10429	-10.	5.9	0.	
10430	-10.	6.2	0.	
10431	-10.	6.5	0.	
10432	-10.	6.8	0.	
10433	-10.	7.1	0.	
10434	-10.	7.4	0.	
10435	-10.	7.7	0.	
13453	-10.	-7.7	0.	
13454	-10.	-7.4	0.	
13455	-10.	-7.1	0.	
13456	-10.	-6.8	0.	
13457	-10.	-6.5	0.	
13458	-10.	-6.2	0.	
13459	-10.	-5.9	0.	
13460	-10.	-5.6	0.	
13461	-10.	-5.3	0.	
13462	-10.	-5.	0.	
13463	-10.	-4.7	0.	
13464	-10.	-4.4	0.	
13465	-10.	-4.1	0.	
13466	-10.	-3.8	0.	
13467	-10.	-3.5	0.	
13468	-10.	-3.2	0.	
13469	-10.	-2.9	0.	
13470	-10.	-2.6	0.	
13471	-10.	-2.3	0.	
