Node Number	X Location (m)	Y Location (m)	Z Location (m)	
1	2.	8.	0.	
3	-2.	8.	0.	
9680	2.3167	8.	0.	
9681	2.6333	8.	0.	
9682	2.95	8.	0.	
9683	3.2667	8.	0.	
9684	3.5833	8.	0.	
9685	3.9	8.	0.	
9686	4.2167	8.	0.	
9687	4.5333	8.	0.	
9688	4.85	8.	0.	
9689	5.1667	8.	0.	
9690	5.4833	8.	0.	
9691	5.8	8.	0.	
9692	6.1167	8.	0.	
9693	6.4333	8.	0.	
9694	6.75	8.	0.	
9695	7.0667	8.	0.	
9696	7.3833	8.	0.	
9697	7.7	8.	0.	
9698	8.0167	8.	0.	
9699	8.3333	8.	0.	
9700	8.65	8.	0.	
9701	8.9667	8.	0.	
9702	9.2833	8.	0.	
9703	9.6	8.	0.	
9704	9.9167	8.	0.	
9705	10.233	8.	0.	
9706	10.55	8.	0.	
9707	10.867	8.	0.	
9708	11.183	8.	0.	
9709	11.5	8.	0.	
9710	11.817	8.	0.	
9711	12.133	8.	0.	
9712	12.45	8.	0.	
9713	12.767	8.	0.	
9714	13.083	8.	0.	
9715	13.4	8.	0.	
9716	13.717	8.	0.	
9717	14.033	8.	0.	
9718	14.35	8.	0.	
9719	14.667	8.	0.	
9720	14.983	8.	0.	
9721	15.3	8.	0.	
9722	15.617	8.	0.	
9723	15.933	8.	0.	
9724	16.25	8.	0.	
9725	16.567	8.	0.	
9726	16.883	8.	0.	
9727	17.2	8.	0.	
9728	17.517	8.	0.	
9729	17.833	8.	0.	
9730	18.15	8.	0.	
9731	18.467	8.	0.	
9732	18.783	8.	0.	
9733	19.1	8.	0.	
9734	19.417	8.	0.	
9735	19.733	8.	0.	
9736	20.05	8.	0.	
9737	20.367	8.	0.	
9738	20.683	8.	0.	
9739	21.	8.	0.	
9740	21.317	8.	0.	
9741	21.633	8.	0.	
9742	21.95	8.	0.	
9743	22.267	8.	0.	
9744	22.583	8.	0.	
9745	22.9	8.	0.	
9746	23.217	8.	0.	
9747	23.533	8.	0.	
9748	23.85	8.	0.	
9749	24.167	8.	0.	
9750	24.483	8.	0.	
9751	24.8	8.	0.	
9752	25.117	8.	0.	
9753	25.433	8.	0.	
9754	25.75	8.	0.	
9755	26.067	8.	0.	
9756	26.383	8.	0.	
9757	26.7	8.	0.	
9758	27.017	8.	0.	
9759	27.333	8.	0.	
9760	27.65	8.	0.	
9761	27.967	8.	0.	
9762	28.283	8.	0.	
9763	28.6	8.	0.	
9764	28.917	8.	0.	
9765	29.233	8.	0.	
9766	29.55	8.	0.	
9767	29.867	8.	0.	
9768	30.183	8.	0.	
9769	30.5	8.	0.	
9770	30.817	8.	0.	
9771	31.133	8.	0.	
9772	31.45	8.	0.	
9773	31.767	8.	0.	
9774	32.083	8.	0.	
9775	32.4	8.	0.	
9776	32.717	8.	0.	
9777	33.033	8.	0.	
9778	33.35	8.	0.	
9779	33.667	8.	0.	
9780	33.983	8.	0.	
9781	34.3	8.	0.	
9782	34.617	8.	0.	
9783	34.933	8.	0.	
9784	35.25	8.	0.	
9785	35.567	8.	0.	
9786	35.883	8.	0.	
9787	36.2	8.	0.	
9788	36.517	8.	0.	
9789	36.833	8.	0.	
9790	37.15	8.	0.	
9791	37.467	8.	0.	
9792	37.783	8.	0.	
9793	38.1	8.	0.	
9794	38.417	8.	0.	
9795	38.733	8.	0.	
9796	39.05	8.	0.	
9797	39.367	8.	0.	
9798	39.683	8.	0.	
10388	-9.7333	8.	0.	
10389	-9.4667	8.	0.	
10390	-9.2	8.	0.	
10391	-8.9333	8.	0.	
10392	-8.6667	8.	0.	
10393	-8.4	8.	0.	
10394	-8.1333	8.	0.	
10395	-7.8667	8.	0.	
10396	-7.6	8.	0.	
10397	-7.3333	8.	0.	
10398	-7.0667	8.	0.	
10399	-6.8	8.	0.	
10400	-6.5333	8.	0.	
10401	-6.2667	8.	0.	
10402	-6.	8.	0.	
10403	-5.7333	8.	0.	
10404	-5.4667	8.	0.	
10405	-5.2	8.	0.	
10406	-4.9333	8.	0.	
10407	-4.6667	8.	0.	
10408	-4.4	8.	0.	
10409	-4.1333	8.	0.	
10410	-3.8667	8.	0.	
10411	-3.6	8.	0.	
10412	-3.3333	8.	0.	
10413	-3.0667	8.	0.	
10414	-2.8	8.	0.	
10415	-2.5333	8.	0.	
10416	-2.2667	8.	0.	
14622	-1.8667	8.	0.	
14623	-1.7333	8.	0.	
14624	-1.6	8.	0.	
14625	-1.4667	8.	0.	
14626	-1.3333	8.	0.	
14627	-1.2	8.	0.	
14628	-1.0667	8.	0.	
14629	-0.93333	8.	0.	
14630	-0.8	8.	0.	
14631	-0.66667	8.	0.	
14632	-0.53333	8.	0.	
14633	-0.4	8.	0.	
14634	-0.26667	8.	0.	
14635	-0.13333	8.	0.	
14636	-1.3323e-015	8.	0.	
14637	0.13333	8.	0.	
14638	0.26667	8.	0.	
14639	0.4	8.	0.	
14640	0.53333	8.	0.	
14641	0.66667	8.	0.	
14642	0.8	8.	0.	
14643	0.93333	8.	0.	
14644	1.0667	8.	0.	
14645	1.2	8.	0.	
14646	1.3333	8.	0.	
14647	1.4667	8.	0.	
14648	1.6	8.	0.	
14649	1.7333	8.	0.	
14650	1.8667	8.	0.	
